0.002	1.848	1.920	1.84694	1.92858	1.84287	1.91805	1.84491	1.91836
0.008	7.367	7.664	7.45047	7.75246	7.38298	7.67395	7.40683	7.69817
0.010	9.198	9.561	9.18484	9.57869	9.21166	9.56618	9.20553	9.54879
0.020	18.371	19.090	18.2659	18.9576	18.3579	19.0519	18.3173	19.0396
0.030	27.446	28.505	27.4693	28.5431	27.4169	28.499	27.3961	28.4789
0.040	36.459	37.806	36.7923	38.5414	37.1569	40.0552	36.9945	40.4226
0.050	45.392	46.888	47.7795	49.286	48.4536	49.2431	48.6344	49.0797
0.060	53.977	53.810	55.4495	55.7419	55.6667	55.6004	55.5794	56.0656
0.070	59.756	58.690	60.7819	60.0764	60.632	60.2353	59.5551	60.4357
0.080	62.383	61.499	62.969	62.6092	62.1358	62.5133	60.7621	62.3338
0.100	64.587	64.251	63.9992	64.1381	62.822	64.0002	61.5058	63.9833

