0.002	0.014	0.014	0.01385	0.0138	0.0138	0.0138	0.0139	0.0139
0.008	0.055	0.055	0.0555	0.0555	0.05555	0.05555	0.05545	0.0555
0.01	0.069	0.069	0.06945	0.0695	0.06915	0.06915	0.0693	0.0693
0.02	0.139	0.139	0.1382	0.1382	0.13845	0.1384	0.13875	0.1387
0.03	0.208	0.208	0.20785	0.2078	0.208	0.2079	0.20785	0.20775
0.04	0.277	0.277	0.2842	0.29465	0.29245	0.33185	0.2954	0.3406
0.05	0.346	0.344	0.4052	0.41525	0.42185	0.4124	0.42265	0.4094
0.06	0.414	0.389	0.4633	0.4478	0.466	0.4441	0.45765	0.44475
0.07	0.457	0.418	0.49275	0.4625	0.4958	0.46325	0.4768	0.4604
0.08	0.474	0.434	0.50045	0.4676	0.4985	0.46605	0.4818	0.4601
0.1	0.487	0.447	0.49715	0.46435	0.495	0.46605	0.4817	0.4622

