0.002	37.569	45.607	37.5086	46.044	37.8269	44.9598	37.4037	45.2001
0.008	38.576	46.583	38.8447	46.8068	38.725	46.4545	38.7491	46.7866
0.01	38.935	46.832	38.9388	47.2388	39.0135	46.4856	38.7684	46.7374
0.02	40.900	48.647	40.8466	48.2493	40.8092	48.4529	40.8159	48.4266
0.03	43.411	51.615	43.4898	51.6463	43.5004	51.7203	43.4588	51.5359
0.04	47.435	57.588	51.9602	77.6765	60.4745	231.624	73.9009	583.273
0.05	55.621	127.167	242.421	1127.99	878.461	1458.08	1117.26	1692.1
0.06	101.572	567.308	1045.04	1600.77	1251.71	1832.44	1279.95	1788.41
0.07	542.648	1069.381	1299	1892.19	1637.84	2200.06	1632.07	2246.01
0.08	1237.022	1555.298	1900.81	2182.72	2198.5	2458.67	2299.18	2518.81
0.1	2650.589	2465.331	3184.05	2979.06	3457.03	3164.7	3496.22	3268.33

